0.01 0.6117 1.0002 206.00 0 2374.9 0.000 2500.9 0 9.1556 0.01
2 0.7060 1.0001 179.78 8.3911 2377.7 8.3918 2504.6 0.03061 9.1027 2
4 0.8135 1.0001 157.14 16.812 2380.4 16.813 2508.2 0.06110 9.0506 4
6 0.9353 1.0001 137.65 25.224 2383.2 25.225 2511.9 0.09134 8.9994 6
8 1.0729 1.0002 120.85 33.626 2385.9 33.627 2515.6 0.12133 8.9492 8
10 1.2281 1.0003 106.32 42.020 2388.7 42.022 2519.2 0.15109 8.8999 10
12 1.4028 1.0006 93.732 50.408 2391.4 50.410 2522.9 0.18061 8.8514 12
14 1.5989 1.0008 82.804 58.791 2394.1 58.793 2526.5 0.20990 8.8038 14
16 1.8187 1.0011 73.295 67.169 2396.9 67.170 2530.2 0.23898 8.7571 16
18 2.0646 1.0015 65.005 75.542 2399.6 75.544 2533.8 0.26784 8.7112 18
20 2.3392 1.0018 57.762 83.913 2402.3 83.915 2537.4 0.29649 8.6661 20
22 2.6452 1.0023 51.422 92.280 2405.1 92.283 2541.1 0.32493 8.6217 22
24 2.9857 1.0028 45.861 100.65 2407.8 100.65 2544.7 0.35318 8.5782 24
26 3.3638 1.0033 40.975 109.01 2410.5 109.01 2548.3 0.38123 8.5354 26
28 3.7830 1.0038 36.673 117.37 2413.2 117.37 2551.9 0.40909 8.4933 28
30 4.2469 1.0044 32.879 125.73 2415.9 125.74 2555.6 0.43676 8.4520 30
32 4.7596 1.0050 29.527 134.09 2418.6 134.10 2559.2 0.46425 8.4114 32
34 5.3251 1.0057 26.560 142.45 2421.3 142.46 2562.8 0.49155 8.3714 34
36 5.9480 1.0064 23.929 150.81 2424.0 150.82 2566.4 0.51868 8.3322 36
38 6.6330 1.0071 21.593 159.17 2426.7 159.18 2569.9 0.54563 8.2935 38
40 7.3851 1.0079 19.515 167.53 2429.4 167.53 2573.5 0.57241 8.2556 40
42 8.2098 1.0087 17.663 175.89 2432.1 175.90 2577.1 0.59902 8.2182 42
44 9.1127 1.0095 16.010 184.25 2434.8 184.26 2580.7 0.62546 8.1815 44
46 10.100 1.0104 14.534 192.61 2437.4 192.62 2584.2 0.65174 8.1454 46
48 11.178 1.0112 13.212 200.97 2440.1 200.98 2587.8 0.67786 8.1098 48
50 12.352 1.0122 12.026 209.33 2442.7 209.34 2591.3 0.70382 8.0748 50
55 15.763 1.0146 9.5639 230.24 2449.3 230.26 2600.1 0.76803 7.9898 55
60 19.947 1.0171 7.6670 251.16 2455.9 251.18 2608.8 0.83130 7.9082 60
65 25.043 1.0199 6.1935 272.09 2462.4 272.12 2617.5 0.89366 7.8296 65
70 31.202 1.0228 5.0396 293.04 2468.9 293.07 2626.1 0.95514 7.7540 70
75 38.597 1.0258 4.1291 313.99 2475.3 314.03 2634.6 1.01578 7.6812 75
80 47.416 1.0291 3.4053 334.97 2481.6 335.02 2643.0 1.07559 7.6111 80
85 57.868 1.0324 2.8260 355.96 2487.8 356.02 2651.4 1.13461 7.5435 85
90 70.183 1.0360 2.3593 376.97 2494.0 377.04 2659.6 1.19288 7.4782 90
95 84.609 1.0396 1.9808 398.00 2500.1 398.09 2667.6 1.25040 7.4151 95
100 101.42 1.0435 1.6720 419.06 2506.0 419.17 2675.6 1.30722 7.3542 100 
105 120.90 1.0474 1.4186 440.15 2511.9 440.28 2683.4 1.3634 7.2952 105
110 143.38 1.0516 1.2094 461.27 2517.7 461.42 2691.1 1.4188 7.2382 110
115 169.18 1.0559 1.0360 482.42 2523.3 482.59 2698.6 1.4737 7.1829 115
120 198.67 1.0603 0.89136 503.60 2528.9 503.81 2706.0 1.5279 7.1292 120
125 232.23 1.0649 0.77012 524.83 2534.3 525.07 2713.1 1.5816 7.0771 125
130 270.28 1.0697 0.66808 546.10 2539.5 546.38 2720.1 1.6346 7.0265 130
135 313.22 1.0746 0.58179 567.41 2544.7 567.75 2726.9 1.6872 6.9773 135
140 361.53 1.0798 0.50850 588.77 2549.6 589.16 2733.5 1.7392 6.9294 140
145 415.68 1.0850 0.44600 610.19 2554.4 610.64 2739.8 1.7908 6.8827 145
150 476.16 1.0905 0.39248 631.66 2559.1 632.18 2745.9 1.8418 6.8371 150
160 618.23 1.1020 0.30680 674.79 2567.8 675.47 2757.5 1.9426 6.7492 160
170 792.18 1.1143 0.24260 718.20 2575.7 719.08 2767.9 2.0417 6.6650 170
180 1002.8 1.1274 0.19385 761.92 2582.8 763.05 2777.2 2.1392 6.5841 180
190 1255.2 1.1414 0.15636 806.00 2589.0 807.43 2785.3 2.2355 6.5059 190
200 1554.9 1.1565 0.12721 850.46 2594.2 852.26 2792.0 2.3305 6.4302 200
210 1907.7 1.1727 0.10429 895.38 2598.3 897.61 2797.3 2.4245 6.3563 210
220 2319.6 1.1901 0.086094 940.79 2601.3 943.55 2801.0 2.5176 6.2840 220
230 2797.1 1.2089 0.071505 986.76 2602.9 990.14 2802.9 2.6100 6.2128 230
240 3347.0 1.2294 0.059707 1033.4 2603.1 1037.5 2803.0 2.7018 6.1424 240
250 3976.2 1.2516 0.050085 1080.7 2601.8 1085.7 2801.0 2.7933 6.0721 250
260 4692.3 1.2759 0.042175 1128.9 2598.7 1134.8 2796.6 2.8847 6.0017 260
270 5503.0 1.3028 0.035622 1178.0 2593.7 1185.1 2789.7 2.9762 5.9305 270
280 6416.6 1.3326 0.030153 1228.2 2586.4 1236.7 2779.9 3.0681 5.8579 280
290 7441.8 1.3660 0.025554 1279.7 2576.5 1289.8 2766.7 3.1608 5.7834 290
300 8587.9 1.4038 0.021659 1332.7 2563.6 1344.8 2749.6 3.2548 5.7059 300
310 9865.0 1.4475 0.018333 1387.7 2547.1 1402.0 2727.9 3.3506 5.6243 310
320 11284.3 1.4987 0.015470 1445.1 2526.0 1462.0 2700.6 3.4491 5.5372 320
330 12858.1 1.5604 0.012979 1505.7 2499.2 1525.8 2666.0 3.5516 5.4422 330
340 14600.7 1.6377 0.010783 1570.7 2464.5 1594.6 2622.0 3.6602 5.3358 340
350 16529.3 1.7407 0.008806 1642.4 2418.3 1671.2 2563.9 3.7788 5.2114 350
360 18666.0 1.8950 0.006950 1726.2 2351.9 1761.5 2481.6 3.9165 5.0537 360
370 21043.8 2.2172 0.004953 1844.5 2230.1 1891.2 2334.3 4.1119 4.8009 370
373.95 22064.0 3.1056 0.003106 2015.7 2015.7 2084.3 2084.3 4.4070 4.4070 373.95